session_ind i j mot0 mot1 mot2 mot3 mot4 mot5 mot6 mot7 mot8 mot9 mot10 mot11 mot12 mot13 mot14 mot15 trans_x trans_y trans_z roll pitch yaw overlap overlap_symmetric
15 2362 2520 0.7299153630771283 0.6826584356006060 0.0346557794215767 -11.3608591289375909 -0.6831874419772425 0.7302257457152701 0.0050278642751479 4.9062807589070871 -0.0218742284109801 -0.0273463086706517 0.9993866606741924 0.1753004105455602 0.0000000000000000 0.0000000000000000 0.0000000000000000 1.0000000000000000 -11.3608591289375909 4.9062807589070871 0.1753004105455602 -1.5673985465279969 1.2534009365455614 -43.1060560886185442 0.8363336333633363 0.7697086842468590
15 2494 2527 0.5260764904994533 0.8501361242658731 0.0226295462168136 -11.6680596682708710 -0.8504372193004498 0.5258979910196651 0.0137054394310870 6.6811673425836489 -0.0002493437338039 -0.0264551178353170 0.9996499710238689 0.0777456263056422 0.0000000000000000 0.0000000000000000 0.0000000000000000 1.0000000000000000 -11.6680596682708710 6.6811673425836489 0.0777456263056422 -1.5159435087466100 0.0142863437430335 -58.2592585269598757 0.8488573908012728 0.7897994886287175
15 1732 1754 0.9981800567338901 0.0598811425178099 -0.0071290328579589 -48.4844793538213708 -0.0600821657439297 0.9976651374517954 -0.0324716318162401 1.8112180219031870 0.0051679491335598 0.0328408630223424 0.9994472322327482 -0.2164670097918133 0.0000000000000000 0.0000000000000000 0.0000000000000000 1.0000000000000000 -48.4844793538213708 1.8112180219031870 -0.2164670097918133 1.8820063845385866 -0.2961029921394668 -3.4445750805749178 0.4613486842105263 0.4613486842105263
15 2491 2540 0.0200851120413556 0.9993872136494100 0.0286668008043215 -14.9122965137939900 -0.9997883743981859 0.0202042489838268 -0.0038723043827242 13.5670874487132096 -0.0044491226684734 -0.0285829585079640 0.9995815223334275 0.1618604504152330 0.0000000000000000 0.0000000000000000 0.0000000000000000 1.0000000000000000 -14.9122965137939900 13.5670874487132096 0.1618604504152330 -1.6379221799735419 0.2549167924441457 -88.8491190688365862 0.7954413472706156 0.7695224719101124
15 2488 2571 -0.3558508304439709 0.9335043343740240 0.0440436621688806 -37.1719935706350952 -0.9345339351339320 -0.3556569717251525 -0.0124274915562966 22.6651313175389078 0.0040633182774703 -0.0455826301150371 0.9989523078087219 0.6713239836662979 0.0000000000000000 0.0000000000000000 0.0000000000000000 1.0000000000000000 -37.1719935706350952 22.6651313175389078 0.6713239836662979 -2.6126191730007156 -0.2328116287619622 -110.8457789252754964 0.4882981797168449 0.4882981797168449
15 4144 4177 0.9991317945379198 0.0416585314992066 -0.0004731773089451 -92.8498637470183894 -0.0416583226805148 0.9991318171174631 0.0004429164734042 3.1949361707665958 0.0004912177543639 -0.0004228201578816 0.9999997899640941 0.3173392446976777 0.0000000000000000 0.0000000000000000 0.0000000000000000 1.0000000000000000 -92.8498637470183894 3.1949361707665958 0.3173392446976777 -0.0242258141842888 -0.0281447052788101 -2.3875372608414285 0.2687786411635784 0.2536191013348374
15 1741 1755 0.9986359691912758 0.0515846033663482 -0.0080764926136134 -30.5522381008486263 -0.0518960160307278 0.9976457820383410 -0.0448296453392714 0.8805030617513694 0.0057449593157549 0.0451876341120326 0.9989619978586858 -0.2127880533444113 0.0000000000000000 0.0000000000000000 0.0000000000000000 1.0000000000000000 -30.5522381008486263 0.8805030617513694 -0.2127880533444113 2.5899854116835344 -0.3291637329346110 -2.9748081165023668 0.5806224723052577 0.5806224723052577
15 1726 1746 0.9996705767594063 0.0253655255448216 0.0039151086001695 -44.7250216872198507 -0.0252237125405491 0.9991437090619114 -0.0327965389588386 0.6957147057401016 -0.0047436575748957 0.0326869814427989 0.9994543806282358 -0.0138690278799913 0.0000000000000000 0.0000000000000000 0.0000000000000000 1.0000000000000000 -44.7250216872198507 0.6957147057401016 -0.0138690278799913 1.8731808251944919 0.2717925778290577 -1.4453818311254436 0.5257884362680684 0.5257884362680684
15 2485 2530 0.3519351310679900 0.9354338794380306 0.0332433560230119 -12.9492973585147411 -0.9360091553264925 0.3519100263174349 0.0067966552250011 9.9589311525342055 -0.0053408487286125 -0.0335080673387520 0.9994241765927416 0.1589019196235313 0.0000000000000000 0.0000000000000000 0.0000000000000000 1.0000000000000000 -12.9492973585147411 9.9589311525342055 0.1589019196235313 -1.9202576864167131 0.3060095459823700 -69.3939706065935127 0.8042808972291453 0.7579441834760984
15 1744 1766 0.9963744220197488 0.0823859212257846 -0.0212266607969879 -47.5389545393409207 -0.0826770270986626 0.9964886935349540 -0.0132209245942728 1.7130215463694185 0.0200629094335443 0.0149279483111119 0.9996872691118368 -0.2377081658050884 0.0000000000000000 0.0000000000000000 0.0000000000000000 1.0000000000000000 -47.5389545393409207 1.7130215463694185 -0.2377081658050884 0.8555124155729182 -1.1495971667988643 -4.7434149974200954 0.3305084745762712 0.3305084745762712
15 4168 4201 0.9957817194600052 0.0917510827218911 0.0007113428400558 -93.1102179565932602 -0.0916758489748995 0.9952249857364375 -0.0335077077795436 3.7923068553500343 -0.0037823146361502 0.0333011499091030 0.9994382059490846 0.7513020783999309 0.0000000000000000 0.0000000000000000 0.0000000000000000 1.0000000000000000 -93.1102179565932602 3.7923068553500343 0.7513020783999309 1.9083818286995757 0.2167111821522862 -5.2600625277274906 0.2961588420857302 0.2886597938144330
15 2482 2553 -0.1932350738067502 0.9801446424186178 0.0444599391472769 -22.5125443647848442 -0.9810038328461925 -0.1922185580133259 -0.0261439456922055 17.9481736675224965 -0.0170788229096487 -0.0486672979870201 0.9986690182010571 0.7559402271235740 0.0000000000000000 0.0000000000000000 0.0000000000000000 1.0000000000000000 -22.5125443647848442 17.9481736675224965 0.7559402271235740 -2.7899399306023791 0.9785920493378919 -101.1432860186494906 0.6625288683602771 0.6625288683602771
15 2470 2579 -0.4515727289336140 0.8912612730406845 0.0416582964287702 -44.0874314587563276 -0.8922244344723868 -0.4512949783784074 -0.0163829490892837 26.7084991509618703 0.0041986919246274 -0.0445666430004709 0.9989975902462381 0.6178670938406867 0.0000000000000000 0.0000000000000000 0.0000000000000000 1.0000000000000000 -44.0874314587563276 26.7084991509618703 0.6178670938406867 -2.5543491188207677 -0.2405680335898749 -116.8448890702460830 0.4285923538889703 0.4285923538889703
15 4177 4205 0.9976058121256361 0.0691428286507824 -0.0013830615742838 -79.1035469427006319 -0.0691558020076247 0.9974935342914588 -0.0149707747099672 2.2908113187295385 0.0003444732673343 0.0150305785950823 0.9998869751353224 0.1978097272292700 0.0000000000000000 0.0000000000000000 0.0000000000000000 1.0000000000000000 -79.1035469427006319 2.2908113187295385 0.1978097272292700 0.8612211979166048 -0.0197368647636734 -3.9655009642303418 0.3972756111214779 0.3696822364993922
15 2467 2587 -0.5360773233146320 0.8431200098917436 0.0420684245957183 -51.0478657067287713 -0.8441080701691471 -0.5359708415802000 -0.0147249058105730 31.2966756807873026 0.0101325862018551 -0.0434039847935401 0.9990062185997163 0.6103664272177411 0.0000000000000000 0.0000000000000000 0.0000000000000000 1.0000000000000000 -51.0478657067287713 31.2966756807873026 0.6103664272177411 -2.4877744346984265 -0.5805643595641599 -122.4188703284106765 0.3652378156194950 0.3652378156194950
15 4165 4196 0.9957727157687214 0.0917643025386504 -0.0040014135227677 -87.4184497334063053 -0.0918243762853687 0.9955922438295359 -0.0190884244051984 4.0823342244548257 0.0022321403155174 0.0193751595106984 0.9998097922822854 0.1931845212222925 0.0000000000000000 0.0000000000000000 0.0000000000000000 1.0000000000000000 -87.4184497334063053 4.0823342244548257 0.1931845212222925 1.1101871007630573 -0.1278923255631581 -5.2685839935989778 0.3053378126166480 0.2874209416725229
15 2497 2534 0.2519940053040806 0.9671977879406853 0.0320540214864207 -12.7558089485391974 -0.9677242834644534 0.2519557030887587 0.0052947969044541 9.5558046007208759 -0.0029550776668501 -0.0323537120543258 0.9994721130838461 0.1733407720403193 0.0000000000000000 0.0000000000000000 0.0000000000000000 1.0000000000000000 -12.7558089485391974 9.5558046007208759 0.1733407720403193 -1.8540628056234121 0.1693137248660532 -75.4043962813852318 0.8048780487804879 0.7706043956043956
15 385 413 0.9995780933994994 0.0290449143225790 0.0001677731056470 -70.0842107131611556 -0.0290453647800762 0.9995690949935959 0.0042415938603083 1.0880612373002805 -0.0000445040811120 -0.0042446773349158 0.9999909903262673 0.5678729424275843 0.0000000000000000 0.0000000000000000 0.0000000000000000 1.0000000000000000 -70.0842107131611556 1.0880612373002805 0.5678729424275843 -0.2432028272392218 0.0025498960196678 -1.6644108993144278 0.3247393364928910 0.3247393364928910
15 2500 2526 0.6176349727877617 0.7862960456486415 0.0162962875149711 -10.2812439991976134 -0.7864616549744408 0.6175593496253969 0.0099254695163959 4.6768498435849324 -0.0022595672871058 -0.0189467223436284 0.9998179414613987 0.0451039989211495 0.0000000000000000 0.0000000000000000 0.0000000000000000 1.0000000000000000 -10.2812439991976134 4.6768498435849324 0.0451039989211495 -1.0856349573358017 0.1294637792431468 -51.8562525319778160 0.8751071734781366 0.8176234979973298
15 2530 2580 0.6780884378472327 0.7347289032695152 0.0192226210042914 -43.7013941751210950 -0.7349760058795185 0.6779421121749917 0.0143095534906303 10.5680602142238058 -0.0025181817427414 -0.0238313079810228 0.9997128225248607 0.6219614777255629 0.0000000000000000 0.0000000000000000 0.0000000000000000 1.0000000000000000 -43.7013941751210950 10.5680602142238058 0.6219614777255629 -1.3655669765292946 0.1442813383933367 -47.3053855758102273 0.5067929188966653 0.5067929188966653
15 2524 2557 0.6379520165849657 0.7700760679838756 0.0002721280380001 -22.8946702078683302 -0.7699463433241119 0.6378509567465691 -0.0181324399713702 5.1848498520994326 -0.0141369352055023 0.0113581026575674 0.9998355567627186 0.0553831765073483 0.0000000000000000 0.0000000000000000 0.0000000000000000 1.0000000000000000 -22.8946702078683302 5.1848498520994326 0.0553831765073483 0.6508503818830473 0.8100137046561088 -50.3559805789888628 0.7358691315334486 0.7358691315334486
15 2521 2525 0.9829526743832618 0.1838303801144627 -0.0032297476318470 -2.0651974859065376 -0.1838206154357919 0.9829549195123001 0.0030996043900005 0.0269920544233173 0.0037444977767255 -0.0024530702272927 0.9999899805412353 0.0034738997219392 0.0000000000000000 0.0000000000000000 0.0000000000000000 1.0000000000000000 -2.0651974859065376 0.0269920544233173 0.0034738997219392 -0.1405516971968449 -0.2145444203684601 -10.5924545955785216 0.9176201372997712 0.9044712750431206
15 2518 2578 0.2066344250527066 0.9780130459043709 0.0281548650146367 -44.9199887316208333 -0.9783757364405945 0.2062717288756579 0.0152608063670200 14.8160359830653761 0.0091177150351361 -0.0306994447425706 0.9994870741360469 0.6532102890687383 0.0000000000000000 0.0000000000000000 0.0000000000000000 1.0000000000000000 -44.9199887316208333 14.8160359830653761 0.6532102890687383 -1.7592981751092178 -0.5224138287678486 -78.0743035041785589 0.4789240155296728 0.4789240155296728
15 2515 2536 0.5936107179051516 0.8046537381609661 0.0125967159098690 -10.3086737317498773 -0.8047252903967035 0.5936463666990347 0.0010946693458344 3.9307805409043794 -0.0065971648510578 -0.0107867033248636 0.9999200590283749 0.1294778770543417 0.0000000000000000 0.0000000000000000 0.0000000000000000 1.0000000000000000 -10.3086737317498773 3.9307805409043794 0.1294778770543417 -0.6180580113983785 0.3779924446194665 -53.5854236915194235 0.8353169111541655 0.8353169111541655
15 1690 1729 0.9967755027890217 -0.0764830662155697 0.0242680370437780 -90.6573040581424721 0.0768477463408681 0.9969378767994166 -0.0144669860372093 -3.1238594342721626 -0.0230872458734901 0.0162852812360121 0.9996008046680642 1.4606721924374142 0.0000000000000000 0.0000000000000000 0.0000000000000000 1.0000000000000000 -90.6573040581424721 -3.1238594342721626 1.4606721924374142 0.9333679390643245 1.3229192908288008 4.4085742587390717 0.2766841249774246 0.2561872909698997
15 1693 1735 0.9978551443472106 -0.0636769378938375 0.0151775650310616 -97.1499601259129122 0.0640044900457336 0.9977032713336604 -0.0221722264127466 -1.9723040788085200 -0.0137308467981170 0.0230961024975393 0.9996389517699026 1.1596981096990930 0.0000000000000000 0.0000000000000000 0.0000000000000000 1.0000000000000000 -97.1499601259129122 -1.9723040788085200 1.1596981096990930 1.3235516701014676 0.7867442936174022 3.6700420522007611 0.2636177728202268 0.2394865732139841
15 2512 2562 0.1340688109557836 0.9905976683178807 0.0272362525337134 -30.0108528268756345 -0.9907768108095163 0.1345372756591714 -0.0161565039637987 11.7166423040034715 -0.0196688863697586 -0.0248189641481263 0.9994984511881885 0.7439854110998567 0.0000000000000000 0.0000000000000000 0.0000000000000000 1.0000000000000000 -30.0108528268756345 11.7166423040034715 0.7439854110998567 -1.4224431577454715 1.1270168519224972 -82.2937229622835105 0.6447368421052632 0.6447368421052632
15 3973 4000 0.9999588410383750 0.0081066824419816 -0.0040740555929821 -68.1933859444689006 -0.0080905511710443 0.9999594278228670 0.0039605163695328 0.2798191101464909 0.0041059969481910 -0.0039273920035428 0.9999838580602750 0.1960960882440759 0.0000000000000000 0.0000000000000000 0.0000000000000000 1.0000000000000000 -68.1933859444689006 0.2798191101464909 0.1960960882440759 -0.2250254616684490 -0.2352569568692104 -0.4635634010912817 0.3840954274353877 0.3840954274353877
15 2509 2587 -0.2276843864828049 0.9730969498370001 0.0352440969507734 -53.9825696537736803 -0.9735261166015357 -0.2282360309232264 0.0124585104705679 24.2855131811811589 0.0201673113399399 -0.0314744405246336 0.9993010753256393 0.6974883821785625 0.0000000000000000 0.0000000000000000 0.0000000000000000 1.0000000000000000 -53.9825696537736803 24.2855131811811589 0.6974883821785625 -1.8040175070366447 -1.1555801659472109 -103.1635054420837605 0.3848193107297335 0.3848193107297335
15 1705 1745 0.9995929183464410 -0.0172246352364624 0.0227444395977509 -91.1212570554343984 0.0179185087121083 0.9993691098585602 -0.0306644632440057 0.6296409145579673 -0.0222019061609362 0.0310595267426872 0.9992709248053511 1.1081146951910341 0.0000000000000000 0.0000000000000000 0.0000000000000000 1.0000000000000000 -91.1212570554343984 0.6296409145579673 1.1081146951910341 1.7803050187806890 1.2721800495824824 1.0269630368243658 0.2704402515723270 0.2704402515723270
15 2506 2539 0.2514755232088364 0.9678391392369412 0.0068892516239698 -13.7337883264990523 -0.9678629521752999 0.2514603703159355 0.0029979938434965 8.3873611990420613 0.0011692020163642 -0.0074217734854241 0.9999717747241549 0.0389804863646077 0.0000000000000000 0.0000000000000000 0.0000000000000000 1.0000000000000000 -13.7337883264990523 8.3873611990420613 0.0389804863646077 -0.4252404918401716 -0.0669903561988689 -75.4351465901477241 0.8337110481586403 0.8172729797278534
15 1708 1742 0.9996674371113066 -0.0161127083573390 0.0201344433422664 -77.5137877827510238 0.0162548409840436 0.9998439653935922 -0.0069155629272427 0.3499932190752588 -0.0200198732237507 0.0072405452424894 0.9997733639083893 0.8068678356085002 0.0000000000000000 0.0000000000000000 0.0000000000000000 1.0000000000000000 -77.5137877827510238 0.3499932190752588 0.8068678356085002 0.4149394713501255 1.1471308782600380 0.9315615206402149 0.3636028054632706 0.3536804308797127
15 2503 2581 -0.3093034546678187 0.9502272666260942 0.0374100880893673 -47.8074489434366114 -0.9508145476850089 -0.3097116499970337 0.0055126914177169 22.9545557690435089 0.0168246498063026 -0.0338649614855306 0.9992847920100048 0.5922894244995405 0.0000000000000000 0.0000000000000000 0.0000000000000000 1.0000000000000000 -47.8074489434366114 22.9545557690435089 0.5922894244995405 -1.9409652672068030 -0.9640269103316907 -108.0198966183802156 0.4412097230073488 0.4412097230073488
15 4066 4098 0.9999166384768909 -0.0101820701769718 -0.0079398705270377 -86.8376878444105387 0.0103075046623953 0.9998201303925454 0.0159204965207842 -0.5552457948797382 0.0077763387728159 -0.0160010096164219 0.9998417355994627 0.1359041318310119 0.0000000000000000 0.0000000000000000 0.0000000000000000 1.0000000000000000 -86.8376878444105387 -0.5552457948797382 0.1359041318310119 -0.9168571694252500 -0.4455558823912213 0.5906048308322349 0.3002748511223087 0.2750157331655129
15 4198 4201 0.9999758188144950 0.0017020507546845 0.0067427597842793 -8.4785063120070845 -0.0015297581380940 0.9996742761986165 -0.0254755048391879 -0.0318359491357114 -0.0067839241091680 0.0254645740196264 0.9996527066154928 0.0571300292272099 0.0000000000000000 0.0000000000000000 0.0000000000000000 1.0000000000000000 -8.4785063120070845 -0.0318359491357114 0.0571300292272099 1.4592039310275822 0.3886932014134619 -0.0876507361134300 0.9139766483516484 0.9139766483516484
15 2464 2562 -0.2944871450268998 0.9547816462582992 0.0408574275034221 -29.2332042416092008 -0.9553359177768906 -0.2930140373484613 -0.0384195018465970 20.5635905930830631 -0.0247104354330679 -0.0503466174141446 0.9984260676162565 0.9584242283908679 0.0000000000000000 0.0000000000000000 0.0000000000000000 1.0000000000000000 -29.2332042416092008 20.5635905930830631 0.9584242283908679 -2.8867509559980080 1.4159477827948714 -107.1321798148894828 0.5686160128336007 0.5686160128336007
15 2461 2591 -0.5778027691723682 0.8147436714087752 0.0483395266432414 -54.4675401474232785 -0.8157646800159596 -0.5783785424572758 -0.0024996926723533 33.9631549061741680 0.0259219361777259 -0.0408780078324124 0.9988278338634999 0.5253231824499380 0.0000000000000000 0.0000000000000000 0.0000000000000000 1.0000000000000000 -54.4675401474232785 33.9631549061741680 0.5253231824499380 -2.3435780558561392 -1.4853839212952591 -125.3097847962360447 0.3243083296345613 0.3243083296345613
15 1762 1803 0.9998175133389382 0.0077201415435422 -0.0174739644983546 -86.2330894704791717 -0.0077004044278547 0.9999696355967362 0.0011965183568405 -0.4837239094777033 0.0174826712029242 -0.0010617434146053 0.9998466026888984 -0.8381956467292184 0.0000000000000000 0.0000000000000000 0.0000000000000000 1.0000000000000000 -86.2330894704791717 -0.4837239094777033 -0.8381956467292184 -0.0608427268272398 -1.0017343079410221 -0.4412724772157778 0.2002656924609764 0.2002656924609764
15 4279 4296 0.9994903863261706 -0.0297071437838420 -0.0116813205489963 -44.5202309661544859 0.0297838055768073 0.9995355890483866 0.0064444667007770 -0.7281663088942878 0.0114844489169138 -0.0067890966925374 0.9999110038394288 -0.4717141365399584 0.0000000000000000 0.0000000000000000 0.0000000000000000 1.0000000000000000 -44.5202309661544859 -0.7281663088942878 -0.4717141365399584 -0.3890152307836154 -0.6580249182792596 1.7068513525960336 0.6048828125000000 0.6048828125000000
15 1825 1856 0.9826550683182248 0.1854411561845832 -0.0007709094822864 -53.7489939272636548 -0.1854114670218115 0.9824044000260477 -0.0224540131442212 4.4762720683356747 -0.0034065532910282 0.0222074852783047 0.9997475796381252 -0.1077434023345631 0.0000000000000000 0.0000000000000000 0.0000000000000000 1.0000000000000000 -53.7489939272636548 4.4762720683356747 -0.1077434023345631 1.2725071730015751 0.1951815037642798 -10.6851854882156836 0.4327569644572526 0.2352480417754569
15 1834 1861 0.9907860884140672 0.1354329318234117 -0.0009208598522388 -45.7442141830688342 -0.1354140800634534 0.9904798802630974 -0.0247514386363554 1.8150096995523199 -0.0024400667451843 0.0246480784588937 0.9996932120918713 -0.2064643849062122 0.0000000000000000 0.0000000000000000 0.0000000000000000 1.0000000000000000 -45.7442141830688342 1.8150096995523199 -0.2064643849062122 1.4123781082765181 0.1398056649616099 -7.7825881182142798 0.5296515937731653 0.4268219832735962
15 2356 2541 -0.0433018667229415 0.9984409489583297 0.0352224329298619 -15.3006487587699667 -0.9988208233107400 -0.0424898269182658 -0.0234856877547086 15.3595604208931036 -0.0219524772899202 -0.0361978735790630 0.9991034994880109 0.3583020361502349 0.0000000000000000 0.0000000000000000 0.0000000000000000 1.0000000000000000 -15.3006487587699667 15.3595604208931036 0.3583020361502349 -2.0749388167792504 1.2578853438859570 -92.4823887935973943 0.7566617862371888 0.7384967133466704
15 4300 4315 0.9999763433393331 0.0005067971336106 -0.0068597316537699 -35.8107506326632574 -0.0004242277942738 0.9999275117429324 0.0120329252622362 0.0467853512673173 0.0068653326558102 -0.0120297305145776 0.9999040717945258 -0.3777727273009077 0.0000000000000000 0.0000000000000000 0.0000000000000000 1.0000000000000000 -35.8107506326632574 0.0467853512673173 -0.3777727273009077 -0.6892856573375242 -0.3933576761801518 -0.0243070357291241 0.3747181964573269 0.3747181964573269
15 2341 2534 0.1656843737248411 0.9854089376555473 0.0389604144224993 -13.4622761041391641 -0.9860529450434635 0.1661651139815614 -0.0094204281541219 12.5833751548780128 -0.0157568358028972 -0.0368562136424837 0.9991963478923550 0.2244274347531245 0.0000000000000000 0.0000000000000000 0.0000000000000000 1.0000000000000000 -13.4622761041391641 12.5833751548780128 0.2244274347531245 -2.1124462382585270 0.9028375517130770 -80.4618113792752041 0.7858600583090379 0.7405219780219781
15 1852 1953 0.9780502536536406 0.2081500933993323 0.0095519603170427 -79.5624035716173239 -0.2081989297079411 0.9780764738531031 0.0044291041473312 17.9285740079940297 -0.0084206292233355 -0.0063205943493767 0.9999445700090349 0.4936344364614342 0.0000000000000000 0.0000000000000000 0.0000000000000000 1.0000000000000000 -79.5624035716173239 17.9285740079940297 0.4936344364614342 -0.3621586317319859 0.4824722172321732 -12.0172581941620411 0.3238583410997204 0.2328308207705193
15 2335 2528 0.4292929333658825 0.9025205675200894 0.0341204127368329 -12.9286621733335778 -0.9030340081761320 0.4295682746362535 -0.0008231059357830 9.1764832509215921 -0.0153999168655302 -0.0304585395127230 0.9994173902485822 0.1343451780956002 0.0000000000000000 0.0000000000000000 0.0000000000000000 1.0000000000000000 -12.9286621733335778 9.1764832509215921 0.1343451780956002 -1.7456227821767591 0.8823851209570550 -64.5740737401600740 0.8224956063268892 0.7594320486815416
15 4312 4337 0.9999538945204949 0.0073417564087713 -0.0061893009402800 -50.5841430824948475 -0.0071846820948619 0.9996608914754457 0.0250296303950585 -0.0087047884007916 0.0063709635449322 -0.0249840082323019 0.9996675498165166 -0.7522515666150866 0.0000000000000000 0.0000000000000000 0.0000000000000000 1.0000000000000000 -50.5841430824948475 -0.0087047884007916 -0.7522515666150866 -1.4316562517051767 -0.3650317919746924 -0.4116638575935870 0.6044260027662517 0.2463915200721696
15 2332 2549 -0.1519184599764517 0.9876821977939195 0.0374787630446378 -19.8390372862340882 -0.9881052968040773 -0.1508501195431489 -0.0298691121653100 17.1367637997027487 -0.0238475144639736 -0.0415706338030893 0.9988509290475230 0.5377935135265943 0.0000000000000000 0.0000000000000000 0.0000000000000000 1.0000000000000000 -19.8390372862340882 17.1367637997027487 0.5377935135265943 -2.3831865651533470 1.3664914730546442 -98.7406257445571498 0.7027105377590955 0.6987604496973191
15 2320 2574 -0.4011320417652937 0.9150484645106546 0.0421828480060332 -39.6747523252852261 -0.9160066952166315 -0.4004501164967082 -0.0239047801930458 24.3737343996181153 -0.0049819060119324 -0.0482287444836190 0.9988238927949320 0.8074637966255978 0.0000000000000000 0.0000000000000000 0.0000000000000000 1.0000000000000000 -39.6747523252852261 24.3737343996181153 0.8074637966255978 -2.7644102113939151 0.2854433691778115 -113.6492783375752680 0.4644502014968336 0.4644502014968336
15 1855 1943 0.9897868548925770 0.1422587843601826 0.0091880440912975 -74.1038101256126538 -0.1423732780515644 0.9897234737414018 0.0133152251991701 12.3651904434664175 -0.0071994151646121 -0.0144873668282332 0.9998691337488480 0.1448218448813350 0.0000000000000000 0.0000000000000000 0.0000000000000000 1.0000000000000000 -74.1038101256126538 12.3651904434664175 0.1448218448813350 -0.8301155293398872 0.4124996673652525 -8.1854145699465342 0.3870885429956621 0.2539337127552728
15 2317 2521 0.6986548537724911 0.7146443441195630 0.0341299973345796 -11.6295772824669257 -0.7151628524052148 0.6989428302540226 0.0045841658055896 5.3820348217850551 -0.0205788687681224 -0.0276112559369534 0.9994068884622560 0.1636837300879961 0.0000000000000000 0.0000000000000000 0.0000000000000000 1.0000000000000000 -11.6295772824669257 5.3820348217850551 0.1636837300879961 -1.5825447334006550 1.1791655649948942 -45.6689657840169474 0.8428049671292914 0.7956143980140670
15 1858 1980 0.9090950733700709 0.4162406532915224 0.0170254551102864 -71.4195301499566995 -0.4164041728390989 0.9091494870723829 0.0074010133231056 31.7164967821445316 -0.0123980811600621 -0.0138176953023895 0.9998276645902927 0.6784871215540988 0.0000000000000000 0.0000000000000000 0.0000000000000000 1.0000000000000000 -71.4195301499566995 31.7164967821445316 0.6784871215540988 -0.7917816780424846 0.7103759242581927 -24.6097921728503053 0.3746173114389090 0.2150503275283592
15 4327 4350 0.9860745573956196 -0.1662945952228190 -0.0017535269350769 -38.4046273214044049 0.1662893382485628 0.9857945141982064 0.0236015203234365 -5.0269222763381549 -0.0021961880357314 -0.0235644515404313 0.9997199074649411 -0.1825359003232734 0.0000000000000000 0.0000000000000000 0.0000000000000000 1.0000000000000000 -38.4046273214044049 -5.0269222763381549 -0.1825359003232734 -1.3502718600424084 0.1258324066180291 9.5721662388091140 0.7229531032347933 0.5152217074784911
15 2383 2519 0.7593885479783258 0.6497052120945978 0.0348162401256060 -11.0752450227155350 -0.6502240704585684 0.7597258984064574 0.0050217015832823 4.4479676688206382 -0.0231881736163188 -0.0264517800462437 0.9993811144587057 0.1847436292600833 0.0000000000000000 0.0000000000000000 0.0000000000000000 1.0000000000000000 -11.0752450227155350 4.4479676688206382 0.1847436292600833 -1.5161599164558612 1.3287035730565999 -40.5716878200155975 0.8456385829115808 0.7760928961748634
15 2542 2578 0.9237878376310917 0.3826887074987898 0.0128601787614910 -34.6985762944677845 -0.3828915957616584 0.9235131668754136 0.0227476702727019 5.7051067800784949 -0.0031712678793396 -0.0259380755001318 0.9996585213458578 0.4699673222239653 0.0000000000000000 0.0000000000000000 0.0000000000000000 1.0000000000000000 -34.6985762944677845 5.7051067800784949 0.4699673222239653 -1.4863164229765438 0.1817005697510485 -22.5130295850031921 0.5819624819624820 0.5819624819624820
15 1819 1845 0.9875794306929657 0.1571164640097181 0.0011334942615238 -46.6313536058296449 -0.1571048167870487 0.9875569248381562 -0.0070282819033386 4.7500350400805473 -0.0022236489079481 0.0067629092325629 0.9999746589010375 0.0008389126669499 0.0000000000000000 0.0000000000000000 0.0000000000000000 1.0000000000000000 -46.6313536058296449 4.7500350400805473 0.0008389126669499 0.3874900680655928 0.1274058025398792 -9.0389117180716649 0.5498839907192575 0.2223264540337711
15 2395 2540 -0.0203223507993366 0.9993863483979711 0.0285294355667596 -14.9356180396862328 -0.9996075634220740 -0.0197600208695589 -0.0198559997134098 15.0405070527290263 -0.0192800728051799 -0.0289217601643430 0.9993957227152929 0.1985304762202844 0.0000000000000000 0.0000000000000000 0.0000000000000000 1.0000000000000000 -14.9356180396862328 15.0405070527290263 0.1985304762202844 -1.6576341018421297 1.1047352499050322 -91.1646816119447152 0.7798944900351700 0.7474719101123596
15 2458 2547 -0.1274948039592592 0.9912210407935329 0.0350131868240431 -18.5949563878821209 -0.9915837430766795 -0.1265813030546703 -0.0271818723237236 16.6903341028155410 -0.0225112289631543 -0.0381840543311865 0.9990171282642761 0.4276103079009772 0.0000000000000000 0.0000000000000000 0.0000000000000000 1.0000000000000000 -18.5949563878821209 16.6903341028155410 0.4276103079009772 -2.1888720984027294 1.2899073714818106 -97.3267173359722904 0.7207207207207207 0.7142857142857143
15 2449 2525 0.5553423443624637 0.8310375029929906 0.0311696836233217 -12.5076588341034949 -0.8314638484448202 0.5555772604392398 0.0013328211274938 7.4555563830654137 -0.0162095430944742 -0.0266566371098128 0.9995132187273283 0.1104035357993780 0.0000000000000000 0.0000000000000000 0.0000000000000000 1.0000000000000000 -12.5076588341034949 7.4555563830654137 0.1104035357993780 -1.5276945000545115 0.9287790828507957 -56.2606744755358790 0.8482859226841721 0.7715271328114635
15 2443 2576 -0.4196838334981937 0.9066578732118240 0.0428600145038791 -41.4764618150657043 -0.9076702005718404 -0.4192434777061365 -0.0192279326693995 25.1995232707995456 0.0005356249948438 -0.0469724104541867 0.9988960435210402 0.7327377574529237 0.0000000000000000 0.0000000000000000 0.0000000000000000 1.0000000000000000 -41.4764618150657043 25.1995232707995456 0.7327377574529237 -2.6923119347003763 -0.0306890530736855 -114.8146319892899783 0.4621034077555817 0.4621034077555817
15 2440 2531 0.2927302035434334 0.9554469668921535 0.0378169458048143 -13.1705489187734202 -0.9560657208921617 0.2931121288021874 -0.0048597617226668 10.9613337859627791 -0.0157278500873867 -0.0347328865145708 0.9992728663012893 0.1891386536794926 0.0000000000000000 0.0000000000000000 0.0000000000000000 1.0000000000000000 -13.1705489187734202 10.9613337859627791 0.1891386536794926 -1.9906944770942434 0.9011765867240451 -72.9763498901099297 0.7990907757735738 0.7465406220030141
15 2437 2559 -0.2609547293577317 0.9650048467156886 0.0258510162481695 -26.9558671243721619 -0.9646185582090069 -0.2596202211267690 -0.0459170767891913 19.6012644906004425 -0.0375987550938846 -0.0369186483679685 0.9986107084435216 0.6477642959971490 0.0000000000000000 0.0000000000000000 0.0000000000000000 1.0000000000000000 -26.9558671243721619 19.6012644906004425 0.6477642959971490 -2.1172613097159068 2.1547578701156085 -105.1376794582295986 0.6164482212300159 0.6164482212300159
15 2434 2590 -0.5675008137724764 0.8221475566684684 0.0449023544109233 -53.6199542105896398 -0.8231366968634471 -0.5677997854525043 -0.0070272268231164 33.2706874246941879 0.0197181298380543 -0.0409487326318816 0.9989666644345709 0.5019762727870329 0.0000000000000000 0.0000000000000000 0.0000000000000000 1.0000000000000000 -53.6199542105896398 33.2706874246941879 0.5019762727870329 -2.3473023535377124 -1.1298388421100216 -124.5838127631222818 0.3408859840232389 0.3408859840232389
15 1786 1826 0.9998882060096757 0.0050304077334365 -0.0140808551156485 -80.1424810881726444 -0.0048875073588840 0.9999363941728034 0.0101646387298560 0.6552508788299747 0.0141310917684855 -0.0100946821013351 0.9998491934480438 -0.7680359149715059 0.0000000000000000 0.0000000000000000 0.0000000000000000 1.0000000000000000 -80.1424810881726444 0.6552508788299747 -0.7680359149715059 -0.5784502630630854 -0.8096788669301996 -0.2800626230662990 0.2333597464342314 0.2333597464342314
15 2428 2595 -0.6163465639342696 0.7864625285872051 0.0399199731292365 -57.9916821323568001 -0.7871312504495921 -0.6167831239750453 -0.0017241070864107 36.6341389668523334 0.0232660201169167 -0.0324849058456939 0.9992013927132587 -0.0222384265362052 0.0000000000000000 0.0000000000000000 0.0000000000000000 1.0000000000000000 -57.9916821323568001 36.6341389668523334 -0.0222384265362052 -1.8620797360319692 -1.3331650526339334 -128.0619726276639199 0.2799650043744532 0.2799650043744532
15 2425 2525 0.5553424485812611 0.8310375669322407 0.0311661218490627 -12.5076646900852211 -0.8314638612142048 0.5555772348375815 0.0013355242388538 7.4555594889679924 -0.0162053169834773 -0.0266551773126388 0.9995133261862479 0.1104106114294154 0.0000000000000000 0.0000000000000000 0.0000000000000000 1.0000000000000000 -12.5076646900852211 7.4555594889679924 0.1104106114294154 -1.5276107144197257 0.9285369127181119 -56.2606699157264671 0.8422749926707710 0.7623722966697625
15 2422 2580 -0.4621406602947932 0.8858371120603770 0.0414562540375165 -44.9600586234009825 -0.8867881606023614 -0.4619275537712007 -0.0151556353359060 27.2301249965385068 0.0057243617786683 -0.0437669505847161 0.9990253679055110 0.5807443751455139 0.0000000000000000 0.0000000000000000 0.0000000000000000 1.0000000000000000 -44.9600586234009825 27.2301249965385068 0.5807443751455139 -2.5085039580594830 -0.3279835615852529 -117.5258161111626123 0.4234745886122033 0.4234745886122033
15 2416 2523 0.6307415583320809 0.7753074847230209 0.0326096722657672 -12.1106091102119535 -0.7757786285592870 0.6309979531232319 0.0030170556778228 6.3827160775545053 -0.0182374906028764 -0.0272008692279093 0.9994636094674764 0.1369534755608584 0.0000000000000000 0.0000000000000000 0.0000000000000000 1.0000000000000000 -12.1106091102119535 6.3827160775545053 0.1369534755608584 -1.5589465980620933 1.0449891742035913 -50.8873981508945121 0.8455462922334357 0.7780619111709287
15 2410 2569 -0.3642176806657604 0.9306428276890372 0.0353469710358178 -35.0323036608751863 -0.9312260439880921 -0.3633997908569118 -0.0275435474011780 22.9008225970901549 -0.0127881229561778 -0.0429478669564108 0.9989954677750807 0.5962234103171795 0.0000000000000000 0.0000000000000000 0.0000000000000000 1.0000000000000000 -35.0323036608751863 22.9008225970901549 0.5962234103171795 -2.4616900418177643 0.7327254453843753 -111.3612777983168058 0.4975845410628019 0.4975845410628019
15 1801 1829 0.9996058284902780 0.0239971689775765 -0.0145713255857770 -54.5459608514793217 -0.0239194225189210 0.9996988336324413 0.0054866438099962 1.0363368248799816 0.0146986011112081 -0.0051359434379754 0.9998787792579535 -0.6553839312762193 0.0000000000000000 0.0000000000000000 0.0000000000000000 1.0000000000000000 -54.5459608514793217 1.0363368248799816 -0.6553839312762193 -0.2943009702183911 -0.8421981362683628 -1.3707607886098017 0.4692460317460317 0.4060085836909871
15 2404 2588 -0.5466531349153101 0.8362430636595267 0.0432190764430784 -51.9052072281483561 -0.8372663777056422 -0.5466323240188243 -0.0133459769763098 31.9403861510800198 0.0124644635238284 -0.0434814997338868 0.9989764743626122 0.6277776229508163 0.0000000000000000 0.0000000000000000 0.0000000000000000 1.0000000000000000 -51.9052072281483561 31.9403861510800198 0.6277776229508163 -2.4922858519271380 -0.7141796474552552 -123.1406116486678428 0.3463899444606840 0.3463899444606840
15 2401 2557 -0.2403910988709757 0.9704246598859301 0.0220929642393631 -25.4337752801366150 -0.9700361119035648 -0.2393439932753252 -0.0417659488822647 19.0758103244152153 -0.0352428884545468 -0.0314711354783729 0.9988831295227095 0.4383239205988048 0.0000000000000000 0.0000000000000000 0.0000000000000000 1.0000000000000000 -25.4337752801366150 19.0758103244152153 0.4383239205988048 -1.8045824436169684 2.0196870093322734 -103.9184449665716272 0.6347270615563299 0.6347270615563299
15 2392 2582 -0.4831388086544056 0.8745872620243839 0.0409147000073732 -46.7120050404919311 -0.8755030976079730 -0.4830389941915061 -0.0129482110464158 28.3145906162681058 0.0084390550920101 -0.0420767298533273 0.9990787412181306 0.4988736064387922 0.0000000000000000 0.0000000000000000 0.0000000000000000 1.0000000000000000 -46.7120050404919311 28.3145906162681058 0.4988736064387922 -2.4116169036871624 -0.4835279792541788 -118.8917299211397562 0.4133928571428571 0.4133928571428571
15 2548 2593 0.8770918724009954 0.4794458300149612 0.0290093683037192 -47.4672607207903638 -0.4802979313148900 0.8760584140413681 0.0428433467642282 11.2686675327713601 -0.0048728372385040 -0.0515106908183901 0.9986605550379262 0.6395407256777617 0.0000000000000000 0.0000000000000000 0.0000000000000000 1.0000000000000000 -47.4672607207903638 11.2686675327713601 0.6395407256777617 -2.9526869901559452 0.2791941129173208 -28.7052346816449528 0.4157383604684376 0.4157383604684376
15 2551 2571 0.9776377624600096 0.2101919745046352 0.0066135668159194 -19.9113209182396531 -0.2102758269191781 0.9774960105710109 0.0169004713311285 1.8106633084535133 -0.0029123917390572 -0.0179132122077867 0.9998353038389658 0.2560285093895800 0.0000000000000000 0.0000000000000000 0.0000000000000000 1.0000000000000000 -19.9113209182396531 1.8106633084535133 0.2560285093895800 -1.0264107082702338 0.1668679908337384 -12.1385691556307993 0.7112448620082208 0.7112448620082208
15 2554 2603 0.8663180737853053 0.4991594672652986 0.0182433898259316 -55.1660527950734831 -0.4993859399545045 0.8647997055486414 0.0522986831453627 13.4402091455413029 0.0103285046678412 -0.0544177868201779 0.9984648348684696 0.0117566267576876 0.0000000000000000 0.0000000000000000 0.0000000000000000 1.0000000000000000 -55.1660527950734831 13.4402091455413029 0.0117566267576876 -3.1196169777280680 -0.5917902483007214 -29.9611441323188679 0.2349766627771295 0.2349766627771295
15 3460 3497 0.9999594561822139 0.0062318826117791 0.0064999716064181 -89.3114164650905877 -0.0064660146276689 0.9993074600547306 0.0366441118571282 0.4174286597990431 -0.0062671083129310 -0.0366846550764207 0.9993072397592834 0.3630359263547689 0.0000000000000000 0.0000000000000000 0.0000000000000000 1.0000000000000000 -89.3114164650905877 0.4174286597990431 0.3630359263547689 -2.1023889389661550 0.3590812066927342 -0.3704852059202370 0.2428696796840720 0.2428696796840720
15 3463 3492 0.9999929282633747 0.0006692598705817 -0.0037007451232448 -69.9347645982634276 -0.0005539641542965 0.9995171053653500 0.0310684599841594 0.1305358171812259 0.0037197509267887 -0.0310661901960505 0.9995104077896064 0.0518610487288242 0.0000000000000000 0.0000000000000000 0.0000000000000000 1.0000000000000000 -69.9347645982634276 0.1305358171812259 0.0518610487288242 -1.7802603377805541 -0.2131265204359829 -0.0317400292530761 0.3711409395973154 0.3711409395973154
15 1111 1145 0.9999286810292768 0.0110170145592134 -0.0046106664651816 -88.3316490038996562 -0.0108771635883936 0.9995105748357891 0.0293308387827871 0.5097866182914004 0.0049315481668936 -0.0292785959641613 0.9995591246399809 0.4421291210164782 0.0000000000000000 0.0000000000000000 0.0000000000000000 1.0000000000000000 -88.3316490038996562 0.5097866182914004 0.4421291210164782 -1.6778001541272742 -0.2825580417461845 -0.6232354353341316 0.3099071207430341 0.2622134905042567
15 1114 1146 0.9999409209181890 0.0108586756168255 -0.0004937986761971 -83.0082179943565279 -0.0108355275090122 0.9993598135617916 0.0340962517198386 0.4996587248169817 0.0008637226901567 -0.0340888867754539 0.9994184317799650 0.5385549651364272 0.0000000000000000 0.0000000000000000 0.0000000000000000 1.0000000000000000 -83.0082179943565279 0.4996587248169817 0.5385549651364272 -1.9535285443601274 -0.0494876709687734 -0.6208423757640159 0.3678973553286201 0.3678973553286201
15 1117 1155 0.9998809759144930 0.0114951747244242 0.0102905277967606 -98.0784833959769458 -0.0118076064414217 0.9994547872650922 0.0308335635795499 0.5327592534595169 -0.0099304800692333 -0.0309514001451405 0.9994715585721536 0.9326691052792739 0.0000000000000000 0.0000000000000000 0.0000000000000000 1.0000000000000000 -98.0784833959769458 0.5327592534595169 0.9326691052792739 -1.7737553567232194 0.5689839484388686 -0.6765750988007223 0.2052469135802469 0.2052469135802469
15 3472 3513 0.9999297581755644 0.0095219214446413 0.0070577423415317 -98.5791662457631901 -0.0097999247133962 0.9991330189988383 0.0404619799550037 0.9739395163487643 -0.0066663476183843 -0.0405283031753049 0.9991561521860143 0.5216013857229882 0.0000000000000000 0.0000000000000000 0.0000000000000000 1.0000000000000000 -98.5791662457631901 0.9739395163487643 0.5216013857229882 -2.3227885264020736 0.3819564123720925 -0.5615157909988704 0.2477214302407104 0.2477214302407104
